11111110010
11111110101
11111111100
11111111000
11111110101
00000101011
11111110110
00000110111
11111110011
00000010010
00000001000
00000000011
11111111111
00000010001
00000010011
00000001010
11110101000
00000001001
00000011000
11111011100
11111100110
00000001001
11111110110
00000000111
00000010100
00000000011
00000001111
00000000110
00000111110
00001000110
00000000110
11111001100
11110110100
00000010000
11111111010
00000100000
00000100111
00000100011
00000001110
11111110011
11111110011
11111101011
11111100011
11111010011
11111110001
11111100000
11111101110
11111101000
11111000010
00001010100
11111100010
00000001001
11111111000
00001001001
00000000110
11111111000
00001100101
11111101110
00000100010
00000001010
00000111001
11111001111
11111110010
11111110011
00000101001
11111100101
00000010100
11111010111
00000000010
00001101110
11111100101
00000100111
00000000011
00000100110
00000001100
00000101110
00000010000
00000001010
00000100100
00000001110
11111101110
11111100000
00000001001
11111111011
11111011000
11111110011
00000010110
00000010010
00000001001
11111111101
11111111101
00000010001
00000011111
00000000011
11111101000
00000011101
00000101100
11111111010
11111100100
00000110001
11111001000
00000011101
00000101110
11111011001
00000110100
00000000110
11111000110
11111011111
00000001100
11111101100
11111001111
11111010000
00000101100
00000001100
00000010010
11111111001
00001000010
11111101000
11111111101
00000010001


