-1.750000000000000000e+00
-1.375000000000000000e+00
-5.000000000000000000e-01
-1.000000000000000000e+00
-1.375000000000000000e+00
5.375000000000000000e+00
-1.250000000000000000e+00
6.875000000000000000e+00
-1.625000000000000000e+00
2.250000000000000000e+00
1.000000000000000000e+00
3.750000000000000000e-01
-1.250000000000000000e-01
2.125000000000000000e+00
2.375000000000000000e+00
1.250000000000000000e+00
-1.100000000000000000e+01
1.125000000000000000e+00
3.000000000000000000e+00
-4.500000000000000000e+00
-3.250000000000000000e+00
1.125000000000000000e+00
-1.250000000000000000e+00
8.750000000000000000e-01
2.500000000000000000e+00
3.750000000000000000e-01
1.875000000000000000e+00
7.500000000000000000e-01
7.750000000000000000e+00
8.750000000000000000e+00
7.500000000000000000e-01
-6.500000000000000000e+00
-9.500000000000000000e+00
2.000000000000000000e+00
-7.500000000000000000e-01
4.000000000000000000e+00
4.875000000000000000e+00
4.375000000000000000e+00
1.750000000000000000e+00
-1.625000000000000000e+00
-1.625000000000000000e+00
-2.625000000000000000e+00
-3.625000000000000000e+00
-5.625000000000000000e+00
-1.875000000000000000e+00
-4.000000000000000000e+00
-2.250000000000000000e+00
-3.000000000000000000e+00
-7.750000000000000000e+00
1.050000000000000000e+01
-3.750000000000000000e+00
1.125000000000000000e+00
-1.000000000000000000e+00
9.125000000000000000e+00
7.500000000000000000e-01
-1.000000000000000000e+00
1.262500000000000000e+01
-2.250000000000000000e+00
4.250000000000000000e+00
1.250000000000000000e+00
7.125000000000000000e+00
-6.125000000000000000e+00
-1.750000000000000000e+00
-1.625000000000000000e+00
5.125000000000000000e+00
-3.375000000000000000e+00
2.500000000000000000e+00
-5.125000000000000000e+00
2.500000000000000000e-01
1.375000000000000000e+01
-3.375000000000000000e+00
4.875000000000000000e+00
3.750000000000000000e-01
4.750000000000000000e+00
1.500000000000000000e+00
5.750000000000000000e+00
2.000000000000000000e+00
1.250000000000000000e+00
4.500000000000000000e+00
1.750000000000000000e+00
-2.250000000000000000e+00
-4.000000000000000000e+00
1.125000000000000000e+00
-6.250000000000000000e-01
-5.000000000000000000e+00
-1.625000000000000000e+00
2.750000000000000000e+00
2.250000000000000000e+00
1.125000000000000000e+00
-3.750000000000000000e-01
-3.750000000000000000e-01
2.125000000000000000e+00
3.875000000000000000e+00
3.750000000000000000e-01
-3.000000000000000000e+00
3.625000000000000000e+00
5.500000000000000000e+00
-7.500000000000000000e-01
-3.500000000000000000e+00
6.125000000000000000e+00
-7.000000000000000000e+00
3.625000000000000000e+00
5.750000000000000000e+00
-4.875000000000000000e+00
6.500000000000000000e+00
7.500000000000000000e-01
-7.250000000000000000e+00
-4.125000000000000000e+00
1.500000000000000000e+00
-2.500000000000000000e+00
-6.125000000000000000e+00
-6.000000000000000000e+00
5.500000000000000000e+00
1.500000000000000000e+00
2.250000000000000000e+00
-8.750000000000000000e-01
8.250000000000000000e+00
-3.000000000000000000e+00
-3.750000000000000000e-01
2.125000000000000000e+00
