0000
0001
0000
0000
0000
0110
0000
0111
0000
0010
0111
0110
0011
0111
0000
0111
0000
0000
0000
0000
0000
0000
0110
0111
0011
0010
0100
0000
0111
0111
0000
0000
0000
0111
0011
0111
0100
0101
0000
0001
0000
0000
0000
0001
0111
0000
0000
0000
0000
0111
0000
0001
0000
0111
0111
0110
0100
0011
0101
0000
0111
0000
0000
0111
0110
0000
0010
0000
0111
0111
0000
0111
0001
0111
0011
0111
0100
0000
0101
0000
0000
0000
0010
0000
0000
0000
0010
0000
0111
0000
0000
0000
0111
0000
0000
0000
0010
0101
0000
0000
0000
0000
0101
0000
0111
0010
0000
0000
0010
0000
0000
0000
0011
0000
0000
0000
0111
0000
0000
0100

