00000010100
00000110100
00000010000
00000000110
00000011000
00000000101
11111100000
11111111100
11110111011
00000010010
00000000101
11111111100
11111010011
11111111010
00000001010
11111111110
00000011110
11111001011
11111101010
11111011101
11111110101
11111111111
11111100110
11111111001
00000001001
11111101000
00000100001
00000010011
00001001100
11111011111
00000101001
00000101101
11111101010
11111101100
11111101011
11111110010
00000011100
11111111101
11111110001
11110111010
00000011000
11111111011
11111111111
11111101110
11111110101
00000011011
11111010010
00000001111
00000101001
11111111101
00000000000
00000110111
11111010100
00000001111
11111011000
11111001100
00000001000
00000010100
11111000010
11111101110
00000101001
11111100100
11111100101
11111101111
11111111000
11111111011
11111110001
11111100100
11111100010
11111111000
11111101100
00000000010
11111011011
11111111110
11111110011
11111101111
11111100100
00000000011
00000001010
11111101010
11111110010
11111101111
00000000000
00000000100
00000000000
00000000000
00000000000
00000000000
00000000000
00000000000
00000000000
00000000000
00000000000
00000000000
00000000000
00000000000
