-2.880631014704704285e-03
-9.786183945834636688e-03
-2.923922426998615265e-02
-5.203765630722045898e-02
-5.932750925421714783e-02
-4.864251986145973206e-02
-3.952776268124580383e-02
-3.704625368118286133e-02
-4.455172270536422729e-02
-5.979867279529571533e-02
-7.323582470417022705e-02
-8.009470999240875244e-02
-7.928786426782608032e-02
-7.227636128664016724e-02
-6.501882523298263550e-02
-6.061423569917678833e-02
-6.564709544181823730e-02
-7.564757764339447021e-02
-7.867281138896942139e-02
-6.911576539278030396e-02
-4.730229079723358154e-02
-2.894251607358455658e-02
-1.637510396540164948e-02
-2.039330452680587769e-02
-3.198989480733871460e-02
-3.636914491653442383e-02
-2.236010879278182983e-02
-1.041893474757671356e-02
