2.147799916565418243e-02
1.038641929626464844e-01
3.685246407985687256e-01
9.565914869308471680e-01
1.932051658630371094e+00
3.375210285186767578e+00
5.079233169555664062e+00
6.488545417785644531e+00
7.399554252624511719e+00
7.790088176727294922e+00
7.788996219635009766e+00
7.733548641204833984e+00
7.774372100830078125e+00
7.887716770172119141e+00
7.949927330017089844e+00
7.952568054199218750e+00
7.865981578826904297e+00
7.757664203643798828e+00
7.628261566162109375e+00
7.499438285827636719e+00
7.249021053314208984e+00
6.612759590148925781e+00
5.467294692993164062e+00
3.873227357864379883e+00
2.396316289901733398e+00
1.247437953948974609e+00
4.967179894447326660e-01
1.686400324106216431e-01
