9.922755956649780273e-01
1.165444374084472656e+00
4.551851451396942139e-01
8.971472382545471191e-01
3.387063741683959961e-01
1.089819312095642090e+00
2.566748559474945068e-01
6.771483421325683594e-01
1.039571404457092285e+00
7.145106196403503418e-01
9.897063970565795898e-01
8.542763590812683105e-01
8.945026993751525879e-01
1.075217008590698242e+00
1.007375240325927734e+00
1.164666295051574707e+00
1.176134824752807617e+00
1.230572700500488281e+00
1.266751050949096680e+00
1.018293261528015137e+00
1.266228079795837402e+00
1.134434103965759277e+00
1.027875542640686035e+00
9.250507950782775879e-01
1.394314050674438477e+00
7.102428674697875977e-01
5.114842653274536133e-01
9.376420378684997559e-01
