1.347584426403045654e-01
6.043683737516403198e-02
-1.626620739698410034e-01
2.379967570304870605e-01
-1.138093620538711548e-01
-6.982565391808748245e-03
1.339416354894638062e-01
2.873159348964691162e-01
4.585413932800292969e-01
2.841819822788238525e-01
2.381046712398529053e-01
-4.634869992733001709e-01
-5.000023245811462402e-01
-6.358733177185058594e-01
3.119658529758453369e-01
2.458797693252563477e-01
1.431540846824645996e-01
-5.898237600922584534e-02
-2.195684313774108887e-01
-7.528045028448104858e-02
-5.013953521847724915e-02
-1.333464519120752811e-03
1.712155789136886597e-01
8.196307718753814697e-02
-2.034779824316501617e-02
-4.644621163606643677e-02
-9.354078769683837891e-02
-4.002314060926437378e-02
