-1.774012088775634766e+00
4.586521625518798828e+00
3.378982067108154297e+00
6.389833450317382812e+00
2.067014217376708984e+00
6.172311782836914062e+00
-7.828499674797058105e-01
-5.277219295501708984e+00
4.913637161254882812e+00
-8.732829242944717407e-02
-5.136506557464599609e+00
4.849726676940917969e+00
2.327990055084228516e+00
1.547188401222229004e+00
-4.764695167541503906e+00
-3.762558937072753906e+00
-2.754996344447135925e-02
-2.537635087966918945e+00
1.034480190277099609e+01
1.699523210525512695e+00
-3.088699102401733398e+00
7.480236530303955078e+00
4.273621559143066406e+00
-9.778131842613220215e-01
4.964387893676757812e+00
3.366665840148925781e-01
-6.585417747497558594e+00
-5.079623311758041382e-02
6.502422809600830078e+00
-7.126742601394653320e-01
-2.898627281188964844e+00
-3.448004961013793945e+00
-7.160435676574707031e+00
5.246483802795410156e+00
-2.191627025604248047e+00
-2.003845274448394775e-01
-4.579571723937988281e+00
-2.115402221679687500e+00
2.460610270500183105e-01
-6.733739852905273438e+00
1.209952640533447266e+01
3.343520641326904297e+00
3.290944099426269531e+00
-2.294700622558593750e+00
-4.098140716552734375e+00
6.732458591461181641e+00
-1.019051265716552734e+01
-3.062269687652587891e+00
2.154959678649902344e+00
-3.573250055313110352e+00
6.620587825775146484e+00
1.847505569458007812e+00
1.309281349182128906e+00
2.736456990242004395e-01
-4.946429252624511719e+00
-4.281227111816406250e+00
6.695213317871093750e+00
1.898055672645568848e+00
-7.733125090599060059e-01
-5.760179519653320312e+00
-1.714031696319580078e+00
2.743461608886718750e+00
1.920137763023376465e+00
-3.353883981704711914e+00
5.734681606292724609e+00
4.969022750854492188e+00
2.963074445724487305e+00
6.856839179992675781e+00
6.363686919212341309e-01
8.354673385620117188e+00
-3.213013172149658203e+00
-2.201206684112548828e+00
9.754083633422851562e+00
4.851124286651611328e+00
-1.662751078605651855e+00
7.450463771820068359e+00
-3.163943052291870117e+00
-2.764751195907592773e+00
2.505492210388183594e+00
7.029516220092773438e+00
6.105775833129882812e+00
-3.546408653259277344e+00
-2.086235046386718750e+00
2.521814584732055664e+00
