5.054733276367187500e+00
6.525729656219482422e+00
5.434876918792724609e+00
5.582439422607421875e+00
1.172499084472656250e+01
4.519369602203369141e+00
4.452851772308349609e+00
3.297483921051025391e+00
3.727129936218261719e+00
5.239905357360839844e+00
6.272212505340576172e+00
5.520724296569824219e+00
5.228187084197998047e+00
7.067905426025390625e+00
7.931980133056640625e+00
4.099421977996826172e+00
5.699438095092773438e+00
1.693506431579589844e+01
1.513925647735595703e+01
5.022798538208007812e+00
5.326938152313232422e+00
5.286163806915283203e+00
8.370312690734863281e+00
9.053585052490234375e+00
4.903051853179931641e+00
4.070662021636962891e+00
5.338316917419433594e+00
5.437489986419677734e+00
6.377596855163574219e+00
5.750289440155029297e+00
6.273801803588867188e+00
7.343689918518066406e+00
6.465061187744140625e+00
4.672706604003906250e+00
5.574755668640136719e+00
5.085615634918212891e+00
8.457625389099121094e+00
4.066878318786621094e+00
3.437251329421997070e+00
1.092905998229980469e+01
1.457466983795166016e+01
7.511210441589355469e+00
5.754230022430419922e+00
6.340897560119628906e+00
3.276561260223388672e+00
4.729382991790771484e+00
4.194299697875976562e+00
3.876838684082031250e+00
1.077620887756347656e+01
5.988529205322265625e+00
1.232589912414550781e+01
5.841879844665527344e+00
5.766146659851074219e+00
7.042145729064941406e+00
4.135316371917724609e+00
7.518690109252929688e+00
8.395193099975585938e+00
1.016126441955566406e+01
3.641746520996093750e+00
3.720808744430541992e+00
5.931319236755371094e+00
3.811791896820068359e+00
3.797771692276000977e+00
1.118109893798828125e+01
9.286426544189453125e+00
8.674411773681640625e+00
7.358260154724121094e+00
5.557038307189941406e+00
1.018968296051025391e+01
8.254277229309082031e+00
9.201609611511230469e+00
8.815711021423339844e+00
7.459913730621337891e+00
5.572844505310058594e+00
6.227524280548095703e+00
4.829765796661376953e+00
9.800565719604492188e+00
7.891529083251953125e+00
4.064603805541992188e+00
5.195101261138916016e+00
7.826857566833496094e+00
5.843113899230957031e+00
5.816335678100585938e+00
3.985030651092529297e+00
