2.455392181873321533e-01
-3.869140446186065674e-01
-2.758138477802276611e-01
-3.750006854534149170e-02
2.931613326072692871e-01
-2.750414982438087463e-02
6.165222451090812683e-02
1.811450123786926270e-01
5.794869735836982727e-02
6.449420470744371414e-03
-2.431873418390750885e-02
-2.896917462348937988e-01
-6.681957840919494629e-02
-7.452149689197540283e-02
-3.474640548229217529e-01
-7.648404687643051147e-02
-5.816747248172760010e-02
2.309789508581161499e-02
-3.998643532395362854e-02
1.900080242194235325e-03
-3.860471248626708984e-01
4.940736889839172363e-01
-4.240815937519073486e-01
1.461342442780733109e-02
-1.947230398654937744e-01
1.626816391944885254e-01
-3.666147291660308838e-01
-1.028136163949966431e-01
1.786938160657882690e-01
1.789766550064086914e-01
-9.317485243082046509e-02
-5.706671476364135742e-01
-8.438142389059066772e-02
-3.317980468273162842e-01
1.476988494396209717e-01
4.056378081440925598e-02
9.914157539606094360e-02
1.027709960937500000e+00
1.928520500659942627e-01
2.399355471134185791e-01
-2.429883331060409546e-01
4.209344685077667236e-01
-8.376634865999221802e-02
1.855444163084030151e-01
-1.300094425678253174e-01
1.095408350229263306e-01
-1.478546578437089920e-02
1.607750803232192993e-01
1.688437163829803467e-01
-2.049912214279174805e-01
6.454757601022720337e-02
8.804496526718139648e-01
-1.371502578258514404e-01
-7.447879761457443237e-02
1.067237779498100281e-01
-3.023373708128929138e-02
2.774579823017120361e-01
3.776026964187622070e-01
1.954012364149093628e-01
-4.787801802158355713e-01
-1.528858095407485962e-01
4.830659627914428711e-01
1.098974514752626419e-02
3.218368589878082275e-01
8.267340064048767090e-01
-9.413431584835052490e-02
6.866030395030975342e-02
1.126344129443168640e-01
-6.843945384025573730e-02
-3.837475776672363281e-01
6.408946514129638672e-01
5.660801660269498825e-03
-1.847932338714599609e-01
5.103586241602897644e-02
-5.668166875839233398e-01
-3.302144259214401245e-02
-1.838935613632202148e-01
1.583558470010757446e-01
-2.842090427875518799e-01
9.223021566867828369e-02
9.012620151042938232e-02
-5.472583323717117310e-02
-2.246574461460113525e-01
4.578917622566223145e-01
