1.316030979156494141e+00
5.000292062759399414e-01
9.762971997261047363e-01
7.125021219253540039e-01
1.303864955902099609e+00
8.907737135887145996e-01
9.349362850189208984e-01
7.577238678932189941e-01
9.291872382164001465e-01
1.203076958656311035e+00
1.062911391258239746e+00
8.750817775726318359e-01
1.048953413963317871e+00
7.161858677864074707e-01
1.451414585113525391e+00
1.201870799064636230e+00
1.249352574348449707e+00
5.868929624557495117e-01
4.651301801204681396e-01
8.390948176383972168e-01
3.349025547504425049e-01
1.004651069641113281e+00
2.963033914566040039e-01
7.959634661674499512e-01
5.349279642105102539e-01
9.463676214218139648e-01
7.219486832618713379e-01
6.968486309051513672e-01
1.344185113906860352e+00
7.645649313926696777e-01
1.160973906517028809e+00
9.120717048645019531e-01
7.119521498680114746e-01
5.609695315361022949e-01
1.590758562088012695e+00
6.775326728820800781e-01
1.273937225341796875e+00
1.108075737953186035e+00
9.921519756317138672e-01
1.294049501419067383e+00
7.274489998817443848e-01
1.478867769241333008e+00
1.075767040252685547e+00
9.071916937828063965e-01
9.291014671325683594e-01
7.731645107269287109e-01
6.029726266860961914e-01
1.153692603111267090e+00
1.585894823074340820e+00
1.324640989303588867e+00
4.873831272125244141e-01
1.135457396507263184e+00
5.764914155006408691e-01
1.350920200347900391e+00
1.109983325004577637e+00
1.172311425209045410e+00
9.424434900283813477e-01
1.340600013732910156e+00
1.071501016616821289e+00
5.718211531639099121e-01
6.591470837593078613e-01
1.248787522315979004e+00
8.450362086296081543e-01
7.236145138740539551e-01
1.094935059547424316e+00
1.069377541542053223e+00
8.239418268203735352e-01
8.987993001937866211e-01
9.163075089454650879e-01
1.973487734794616699e-01
1.304866909980773926e+00
1.338314652442932129e+00
4.979063570499420166e-01
6.965207457542419434e-01
3.132214546203613281e-01
7.223218083381652832e-01
1.108497858047485352e+00
3.808358609676361084e-01
6.986792683601379395e-01
4.532365500926971436e-01
1.337725520133972168e+00
1.063356637954711914e+00
5.890597701072692871e-01
3.319141566753387451e-01
