0010100100110111 0110110001110101 0111101010110010 1100100101100100 
1010010110000110 1110111100011000 0010001000111100 1101110000100000 
1000101100110111 1100100111011011 1101101011000100 1000111110110010 
0111111010101000 0110110001101101 0100011110000010 0011010101011100 
0001001000001101 1101000000100001 1111010111111001 1101111001001101 
0011111001011100 1100011110100111 0001100011100011 1111001001011110 
0101011101001000 0110101101100110 1001011010110000 0100100111011101 
0011001101010010 1011111100100110 1100010010100110 0110001111100100 
1110011100101111 0110111111010111 0001011000010110 0101000110010001 
0111010101001111 0000100011110000 1000110001100110 0110110001001011 
1101000000100001 1111010111111001 1101111001001101 0100100100001010 
1100011110100111 0001100011100011 1111001001011110 0100100100011101 
0110101101100110 1001011010110000 0100100111011101 1011011100101010 
1011111100100110 1100010010100110 0110001111100100 1011110111100000 
0110111111010111 0001011000010110 0101000110010001 0100011111001001 
1111010111111111 1011011110001011 0010101100100011 1000101010111110 
1111010111111001 1101111001001101 0100100100001010 0011001000011001 
0001100011100011 1111001001011110 0100100100011101 1111010000011100 
1001011010110000 0100100111011101 1011011100101010 1001011101111000 
1100010010100110 0110001111100100 1011110111100000 0011101110000111 
0001011000010110 0101000110010001 0100011111001001 1000110110000010 
0110101001000101 1110100010111001 1011001011011001 1101111010001000 
1101111001001101 0100100100001010 0011001000011001 1100011100000110 
1111001001011110 0100100100011101 1111010000011100 1110100110100101 
0100100111011101 1011011100101010 1001011101111000 1010111000110011 
0110001111100100 1011110111100000 0011101110000111 1100011111000101 
0101000110010001 0100011111001001 1000110110000010 0011010011011001 
0100010010111100 0001001110111110 0100011100101100 0110101101010000 
0100100100001010 0011001000011001 1100011100000110 1100010010010100 
0100100100011101 1111010000011100 1110100110100101 0110011011000000 
1011011100101010 1001011101111000 1010111000110011 1011111110100001 
1011110111100000 0011101110000111 1100011111000101 0000001111100000 
0100011111001001 1000110110000010 0011010011011001 0000100101010101 
1000011101000011 0010101100001110 1111111011001011 0100000011100010 
