17003 1297 1088 31588 
21636 28289 31354 24374 
29163 -24109 -30326 669 
-10561 27908 -26058 11814 
24029 17115 16275 16869 
-10671 -29874 19348 27184 
6823 -7896 32686 20936 
-3689 9152 -4878 -6267 
-10045 -16933 14484 -3939 
12851 24328 -13090 5840 
17115 16275 16869 -9660 
-29874 19348 27184 -32449 
-7896 32686 20936 -25350 
9152 -4878 -6267 577 
-16933 14484 -3939 -4926 
3015 -7109 -6986 -22277 
16275 16869 -9660 -6319 
19348 27184 -32449 -4069 
32686 20936 -25350 -7113 
-4878 -6267 577 -2985 
14484 -3939 -4926 -23231 
17213 -18760 7803 19194 
16869 -9660 -6319 -2444 
27184 -32449 -4069 25707 
20936 -25350 -7113 32078 
-6267 577 -2985 21180 
-3939 -4926 -23231 15061 
-13021 4175 28889 -3020 
-9660 -6319 -2444 20144 
-32449 -4069 25707 12129 
-25350 -7113 32078 25928 
577 -2985 21180 16180 
-4926 -23231 15061 -27654 
-4878 19382 26500 28451 
