-2522089893 1377524772 -1549341790 -643861043 1794168286 -2409920281 3059796384 -769050726 -1066130434 1660353817 308897534 2127152655 363490706 871137033 -288421153 -1075338812 1729225212 526839881 -2094618621 -584021281 1516407643 -2830291849 2342723643 -658840977 914020686 -1688214029 1741228628 2168219530 
4534684737 1120417163 -2343317033 2767430333 -1800095117 795280415 618916080 -2167918890 1407142863 98370706 -1529400433 -212376210 1536436033 1021036772 -2037940872 745822505 2482825022 -4004780114 107649665 -1204476992 1350884041 -910889466 274862764 -1305611037 1054931614 311755280 353930557 -1252757662 
-2077694127 1434335300 2542036721 1410945769 1206978903 -1458620984 -233475491 898499772 -1714283496 1874656354 -2666737067 -951257586 1613144985 864560689 -690744686 153611066 -323376398 -196029370 692369458 -3864681102 786552118 -3379139661 2025344287 656504611 -3114524885 256110173 2282015486 -50805778 
-702242620 -2079309359 1704548088 -2539651099 -242797573 1319137840 19695795 1021636745 -1460255108 -64405690 -2312279863 1618797677 2723756276 2807741859 -2795532491 1760080529 -784278793 572543734 2369783100 -43585008 2253657083 -1093409993 -2379683261 -911163975 -1221692430 1199683395 1323048000 -1427963549 
-476680049 -2193801384 -3594385448 -889311977 299592728 -1171130314 1077086368 -1635392369 -928661426 1330735782 -3270660609 828016712 828297009 -2834113945 1463301606 -253554822 805921993 437235867 1954028894 147506470 1401080211 545605728 -2823399184 -329387232 41918925 -1284100547 -1672003055 -4213742793 
701415982 1135681402 1792419743 -733587591 -1201093732 -2224427810 -2258534384 -1194505758 1094247739 -172339253 922322940 -1630146880 -2731611476 -2675633188 -1375411507 748197857 1899126539 -1661938583 -2162338442 -1213118336 -1162688755 4043982660 408786372 -3243619 -716191696 722325294 1054025652 -1934253407 
3869068891 1189244038 1039320893 858239225 -124308362 2950591218 -1087990005 524987122 1739540891 -1313698092 2882655462 1529188156 -759158471 -2035710749 2650021826 -290464571 -488506363 -2363011383 1551831819 663129463 -521258600 604283173 -3505992873 -493554546 2631199192 1392360295 -1467135821 184855049 
436032411 1064486037 -529665794 -326222313 1044777259 2518087737 -3580866363 1395605355 -1350671126 -129487003 1958855875 185357967 492628469 427168240 -1231459778 -741362548 748275544 1378108935 -1522481806 2814350656 385653219 -2835933627 625164655 808738073 1594228172 -1965382802 1099938693 -1858199792 
-814121990 807984279 1463051579 -2509889612 -2265024547 594529465 23162050 -1552457194 267035510 -1845886067 1411559582 -1015205056 1615984462 -3565776993 5465550325 -1483154954 -181244691 1303241210 -1875527282 2084108650 461377621 3362701083 -2161849390 -346313475 -3392458785 2647736508 1534479776 -1548243307 
1162743171 134991251 -2364048959 42269044 -336960572 -39004617 483473355 -1964278258 2280519976 478945566 -760819893 -199249961 -1100406143 3499020663 2184568974 -1491799855 -2042553781 3290685393 -2841841322 3353941667 1771648608 -1786986181 -2789437254 2471627835 2331254425 352309355 -1461588822 2669838145 
-88149288 1279628173 -642417859 -560601128 1629162996 -1128413365 -192384080 -2617218629 1414149573 1819398270 -2976040169 1496644567 1403114827 -441742217 -1907935564 -2076621737 1139544839 63196367 3729569942 -2592411778 373781707 -3775335257 3907239435 590571079 -2201390034 -2577147467 -169406577 -715600719 
744358347 1627210115 -2660479600 3384727144 -1552220482 895388870 -800674247 1025338814 1450218504 844899025 -1512666851 2676565652 429899974 -996320742 -339407060 906846065 -1415548914 1343442999 -1803007621 536115677 3363204233 56841001 -307354675 -1325178298 1702228367 1164770748 -849915003 -464507447 
559728363 -1707219124 1538246587 -526554958 -199489190 167877500 -1102728145 846993998 2317255307 -1144057353 -3346823978 2290043714 -80206179 -1289955972 947999695 -3563106675 -658447436 2160576869 -2182001119 -805881409 -1334241747 -2325359667 -1703245008 3437736815 -20290840 -1454177681 -2874863329 3304245691 
-2526417540 248488560 -1819938075 -292924865 2410812869 -2550984274 -1404614630 225691063 -915306772 -948659738 1505556580 1559901041 432982473 -3102903884 2037867762 -1174276219 2384936408 701699304 -720872986 -3597497796 1682819422 -3091240204 1911400533 -1598199563 -937911899 -2332355886 -1529062700 -1078597312 
-1957897354 2612996918 358600052 2125778414 -2445715824 -1545438475 -1888703606 1187639123 -3172126151 -1031405047 522891700 3328293946 -5923025838 1785312399 -74734751 876077711 2393527826 885102680 1738270712 1581734840 628934766 209648765 -1330889874 2383308487 -563564201 853052182 31195865 -233134827 
399697464 -1720251129 2924818128 -1539692912 1989504352 -1176821721 741309692 -1558200704 -1561028028 -2493201026 680306529 -3274170677 861415812 -54731670 -171312150 767936933 -725132582 619708839 656832570 1559724802 1395120123 1227905864 -2083599991 4202569629 -1671368320 32828492 1544570730 1040336441 
-2236894101 170265267 1748668767 926990578 -143592890 263885825 -231368072 862105535 -2160195731 2860384916 -618570872 -2857120651 -649313323 -1357078372 720848533 983905174 -3903631386 34472254 -550007428 -1144773481 -1019344422 1121898414 171036131 1487771737 -494353321 -1572200857 2944373677 -4279687582 
597915618 2034468740 1408098187 -2566756170 -1261131146 -226153244 3485722238 69578655 -2379895228 2900370294 -312675644 1917829054 -2178465954 901219908 1081414228 -1508188877 779064131 1381772726 -221501135 -4129045471 -3884448343 250968448 -2963185078 1996097451 1132890674 -2793723943 -87573840 1653209431 
2843969987 -71041030 -3025587274 -1368531127 -302423243 1095327960 816317486 -1045510253 1649117932 -100055012 2269309507 128872352 -2760614365 3348902161 -216971391 -909623509 1561080504 1730469653 513623496 1817724163 -781045607 -2213240571 -2014228488 -2443682546 3210665097 -2149196463 2294916171 2313249935 
-1260613865 3412741908 -1588961008 2960737707 -1983839080 1284272705 -1279809344 428546851 1600943572 -1302219329 1583079930 -2015068592 1563118633 810341414 190408839 -942765249 1295976921 414185211 1209360857 714986468 2220931202 4000512425 -2382090748 -701522677 2290830129 -2064967706 2091358237 463607928 
890646390 -1759100054 2550468116 -1556966970 3201109430 -171167137 3573227933 -4341941769 441309863 2303754230 292494708 2475539143 -1210766434 317769517 501066871 -2103237420 1555218300 -1692041641 1401649478 -1984503356 606788699 2457613602 942641767 474802740 -1559103665 1197646013 -1001722441 2877010462 
-2744872413 239650359 -1729971161 -474722151 641824069 2647315075 -1811348602 1950144254 -2024627408 4009243325 -1559117159 -542817146 -665082518 -216175140 1566495027 650063147 996967153 -1879037157 102468099 46606709 -601842376 522110340 -1051252634 622006330 -1004305487 2593928709 -618264666 1131312458 
-627608058 -893034907 613751350 -1131037043 3307714221 -5397349516 1237363729 339949292 1276529053 841805125 -4059924356 1628344676 468638069 1380705619 -677596869 -4117812091 570771998 -569649781 420912858 -1586394355 2468661550 -2102539591 2481047932 -2550774223 5024494523 -3208427216 2359094698 -1883890973 
1744509544 -67606399 451583773 2136498466 -845873810 610751447 -498545573 -173018478 -1706683207 1365575140 1264487645 209461033 1073580852 48447076 736725710 -1369746817 -1835649654 -311499186 -2189096367 -916428191 -1973299863 827973225 784781850 520334617 1545631562 -1435143900 3117430602 -202691265 
2638782875 -597557472 1299360843 2565668720 -3052275066 1181406298 -127585273 -599226984 1063053724 -262742080 -2080791849 -1331194454 2121536380 1824155896 87153224 2926279463 -836033275 2077575403 -2902888262 1613570755 -3557134969 -34579767 -1009581055 2052960168 -622715881 1006721458 -1654260556 -46084982 
2302370774 -2748311944 4096227873 -2610465005 82448364 -2259194841 -1954964075 1221818867 1133695654 -2286124086 506874448 -2578750853 2249094112 -2781449986 -617556839 -778497481 3647051232 1416994002 2752208195 -1927418348 706237007 -1435428370 639822992 -2094494035 353169404 517439187 -1891920158 -3998111477 
-125730213 2805888873 -1271668415 -270082065 -1485887005 -924933134 -684720344 -651845762 492678069 -1772311882 3112089830 186743415 -1380455286 -1803187966 99836773 -1979586246 -466409926 1156513070 -416484987 2974025425 -1894172878 764825451 -1446773089 1783159076 -2435796439 2309857058 -1642346757 -1153537827 
2038938422 1892056899 1021157999 1133163575 661844092 -193175624 2806993393 1736160895 -2581217846 852058730 828375780 3813868986 1026533522 985079740 -1752622848 -962720225 -311778135 -191111011 -606117223 -411446156 1476335912 906960350 -1787035609 -1983778757 -2096407724 1560860768 1066438489 -1018456826 
