-6.007688120007514954e-03
-2.219377830624580383e-02
-7.717689871788024902e-02
-1.506105661392211914e-01
-2.076580226421356201e-01
-3.033896684646606445e-01
-4.115603566169738770e-01
-5.000764131546020508e-01
-5.816279649734497070e-01
-6.265586018562316895e-01
-6.262813210487365723e-01
-6.184486746788024902e-01
-6.145172715187072754e-01
-6.138894557952880859e-01
-6.191229820251464844e-01
-6.240391731262207031e-01
-6.344091296195983887e-01
-6.328557729721069336e-01
-6.149043440818786621e-01
-5.890815258026123047e-01
-5.482133626937866211e-01
-5.017722249031066895e-01
-4.379715323448181152e-01
-3.649517893791198730e-01
-2.953501641750335693e-01
-1.772630810737609863e-01
-8.185497671365737915e-02
-3.325987234711647034e-02
