4.800904691219329834e-01
1.151769518852233887e+00
2.415202707052230835e-01
1.089864015579223633e+00
4.927550256252288818e-01
6.534457802772521973e-01
1.128335118293762207e+00
1.409512519836425781e+00
9.898545145988464355e-01
1.152161240577697754e+00
1.244009852409362793e+00
1.047194004058837891e+00
1.023792505264282227e+00
1.176940321922302246e+00
1.546667098999023438e+00
9.816244840621948242e-01
1.039867281913757324e+00
7.890392541885375977e-01
1.405525803565979004e+00
1.018645167350769043e+00
8.251045942306518555e-01
1.082483291625976562e+00
2.688502669334411621e-01
3.242202103137969971e-01
8.206584453582763672e-01
5.319153666496276855e-01
7.479571700096130371e-01
3.041466176509857178e-01
