1.867276579141616821e-01
1.912147700786590576e-01
2.400749474763870239e-01
-1.522336453199386597e-01
-1.032097563147544861e-01
1.306698657572269440e-02
3.874448835849761963e-01
3.041445612907409668e-01
3.382456302642822266e-01
4.476629197597503662e-01
1.805840283632278442e-01
2.426815629005432129e-01
5.880516394972801208e-02
6.659064441919326782e-02
2.513374388217926025e-01
-5.539346486330032349e-02
2.357749827206134796e-02
1.116477232426404953e-02
4.443615674972534180e-01
4.314431548118591309e-01
6.328629851341247559e-01
7.099212408065795898e-01
-5.424433946609497070e-02
-7.371526956558227539e-02
7.083232700824737549e-02
2.494328022003173828e-01
2.522339820861816406e-01
2.961176335811614990e-01
