2.601769007742404938e-02
1.159269213676452637e-01
4.636034071445465088e-01
1.146475672721862793e+00
2.340296030044555664e+00
4.059539794921875000e+00
5.855637550354003906e+00
7.292387962341308594e+00
8.135199546813964844e+00
8.445018768310546875e+00
8.399024963378906250e+00
8.331267356872558594e+00
8.352527618408203125e+00
8.506229400634765625e+00
8.641760826110839844e+00
8.672725677490234375e+00
8.609105110168457031e+00
8.453811645507812500e+00
8.250968933105468750e+00
8.044933319091796875e+00
7.689444065093994141e+00
7.076999187469482422e+00
5.870252609252929688e+00
4.423768043518066406e+00
3.002081871032714844e+00
1.699443340301513672e+00
7.327141761779785156e-01
2.553933858871459961e-01
