1.407239794731140137e+00
6.548362970352172852e-01
1.072925806045532227e+00
1.575413584709167480e+00
8.010605573654174805e-01
1.100260019302368164e+00
1.129326701164245605e+00
9.656499624252319336e-01
9.770448803901672363e-01
1.132485747337341309e+00
1.539702296257019043e+00
5.419530868530273438e-01
7.490161061286926270e-01
4.146038591861724854e-01
1.220159530639648438e+00
7.548014521598815918e-01
8.849326372146606445e-01
1.372799277305603027e+00
9.960575103759765625e-01
4.033310115337371826e-01
1.324398756027221680e+00
8.584647774696350098e-01
7.234667539596557617e-01
1.205678462982177734e+00
7.655524611473083496e-01
4.716858565807342529e-01
9.092618823051452637e-01
8.308600187301635742e-01
1.528812408447265625e+00
5.704330205917358398e-01
9.023668766021728516e-01
1.114822983741760254e+00
9.530141949653625488e-01
5.183566808700561523e-01
1.126294136047363281e+00
1.067659735679626465e+00
8.261502385139465332e-01
3.528127074241638184e-01
4.779786169528961182e-01
1.111568808555603027e+00
3.823947906494140625e-01
6.912791728973388672e-01
5.599510073661804199e-01
1.469859361648559570e+00
1.088224291801452637e+00
9.870506525039672852e-01
8.402418494224548340e-01
1.369797825813293457e+00
9.903165698051452637e-01
8.567076325416564941e-01
7.009910941123962402e-01
7.068781852722167969e-01
7.494674921035766602e-01
1.025446176528930664e+00
6.427178978919982910e-01
6.457300186157226562e-01
1.089366674423217773e+00
7.084214091300964355e-01
1.049339771270751953e+00
1.222721457481384277e+00
3.627930283546447754e-01
1.050115585327148438e+00
1.216951847076416016e+00
7.049013376235961914e-01
4.374302923679351807e-01
1.366852045059204102e+00
1.092814803123474121e+00
1.463979601860046387e+00
3.876011371612548828e-01
6.615498661994934082e-01
8.289389610290527344e-01
5.605066418647766113e-01
1.408103466033935547e+00
2.622257769107818604e-01
6.238843798637390137e-01
9.510234594345092773e-01
1.105485796928405762e+00
5.865547060966491699e-01
1.001401066780090332e+00
1.190298795700073242e+00
9.387634992599487305e-01
1.128993988037109375e+00
8.720098733901977539e-01
1.151772856712341309e+00
