3.558530807495117188e-01
2.340854704380035400e-01
1.411894857883453369e-01
4.329440593719482422e-01
2.556160092353820801e-01
2.653138339519500732e-02
4.180324077606201172e-02
3.044178895652294159e-02
-1.350401639938354492e-01
-4.779273644089698792e-03
2.629406154155731201e-01
-1.784871965646743774e-01
-8.708123862743377686e-02
-3.113045394420623779e-01
1.533525884151458740e-01
-5.690509453415870667e-02
-1.866689920425415039e-01
3.827313184738159180e-01
6.455880999565124512e-01
-4.211957752704620361e-01
-8.152686804533004761e-02
-7.091467082500457764e-02
1.264663785696029663e-01
2.734109759330749512e-01
8.907423168420791626e-02
-3.950412571430206299e-01
6.577016413211822510e-02
5.931321159005165100e-02
7.256442904472351074e-01
-5.040289834141731262e-02
2.491210028529167175e-02
5.687561631202697754e-01
3.781825304031372070e-01
-1.084184721112251282e-01
3.372410833835601807e-01
1.959057897329330444e-01
1.808877140283584595e-01
-4.196847677230834961e-01
-1.873464323580265045e-02
1.827635169029235840e-01
-4.414030313491821289e-01
-3.535111844539642334e-01
-1.604776978492736816e-01
1.355792731046676636e-01
-6.206922233104705811e-02
3.148440718650817871e-01
1.874233782291412354e-01
4.149985313415527344e-01
1.677002906799316406e-01
4.226153194904327393e-01
2.956880331039428711e-01
3.181395828723907471e-01
1.201588511466979980e-01
5.017825588583946228e-02
2.976432442665100098e-01
1.907390058040618896e-01
2.494844794273376465e-01
2.840466499328613281e-01
-1.514625642448663712e-02
2.273051887750625610e-01
5.034615397453308105e-01
-7.620164752006530762e-02
8.544451743364334106e-02
-1.190146058797836304e-01
-2.358310371637344360e-01
8.503019064664840698e-02
1.600232720375061035e-02
4.697461724281311035e-01
2.770239487290382385e-03
4.054951071739196777e-01
-3.738037645816802979e-01
-3.329210579395294189e-01
3.415720164775848389e-01
-3.795968294143676758e-01
1.804521866142749786e-02
4.013947769999504089e-02
-1.196288764476776123e-01
-2.018921226263046265e-01
7.875634729862213135e-02
3.576967120170593262e-01
1.104639172554016113e-01
9.518169164657592773e-01
-1.315923482179641724e-01
3.225152790546417236e-01
