2.381681919097900391e+00
3.887342453002929688e+00
3.230030298233032227e+00
4.605905532836914062e+00
2.614379644393920898e+00
5.573380947113037109e+00
3.944221019744873047e+00
5.719840049743652344e+00
2.808862686157226562e+00
3.789659976959228516e+00
4.611826896667480469e+00
1.801620244979858398e+00
2.666224718093872070e+00
3.226170539855957031e+00
2.986038446426391602e+00
6.062497138977050781e+00
2.113439559936523438e+00
2.618702888488769531e+00
2.392278909683227539e+00
4.192670822143554688e+00
2.579903125762939453e+00
4.703233242034912109e+00
2.126668214797973633e+00
4.207497596740722656e+00
4.304831504821777344e+00
4.644270896911621094e+00
5.129415512084960938e+00
3.141068458557128906e+00
6.400963783264160156e+00
3.738848924636840820e+00
2.571841955184936523e+00
4.679270267486572266e+00
3.263125896453857422e+00
2.603707790374755859e+00
3.520595788955688477e+00
3.558330297470092773e+00
4.938714027404785156e+00
5.600077152252197266e+00
2.072610378265380859e+00
4.345090866088867188e+00
8.216989517211914062e+00
5.227677822113037109e+00
5.260911464691162109e+00
3.796010494232177734e+00
3.841453313827514648e+00
3.052362442016601562e+00
3.157159090042114258e+00
3.471251964569091797e+00
2.277205467224121094e+00
5.006620883941650391e+00
2.570203065872192383e+00
2.714223146438598633e+00
5.223405838012695312e+00
3.491529941558837891e+00
6.003654003143310547e+00
3.478998184204101562e+00
3.379753589630126953e+00
3.036522150039672852e+00
2.820871591567993164e+00
3.182260036468505859e+00
2.786051750183105469e+00
3.139642477035522461e+00
2.641297578811645508e+00
3.295255184173583984e+00
2.783119678497314453e+00
4.596085071563720703e+00
4.974364757537841797e+00
4.285223007202148438e+00
3.026176691055297852e+00
2.433043956756591797e+00
4.804638385772705078e+00
1.803317427635192871e+00
4.513404846191406250e+00
2.831279039382934570e+00
2.485412836074829102e+00
3.733972787857055664e+00
2.195237398147583008e+00
4.164084911346435547e+00
4.236174583435058594e+00
2.993885040283203125e+00
2.260415554046630859e+00
4.111407756805419922e+00
3.608965635299682617e+00
2.948891878128051758e+00
