1.167263016104698181e-01
6.141867041587829590e-01
-9.957165718078613281e+00
2.660348415374755859e+00
-1.224164724349975586e+00
1.418590927124023438e+01
1.097302198410034180e+00
2.949907541275024414e+00
-1.195069313049316406e+00
-4.238930702209472656e+00
7.672499179840087891e+00
2.432719230651855469e+00
-2.276968657970428467e-01
1.453211545944213867e+00
9.165042877197265625e+00
9.494284629821777344e+00
-5.037418842315673828e+00
-5.815666675567626953e+00
2.315689563751220703e+00
1.392315673828125000e+01
2.851651668548583984e+00
5.710681915283203125e+00
-8.676343917846679688e+00
9.753173828125000000e+00
2.404005050659179688e+00
3.229236125946044922e+00
1.384781074523925781e+01
-4.061048030853271484e+00
7.963843822479248047e+00
-8.574162721633911133e-01
-4.314396858215332031e+00
-6.985244274139404297e+00
-4.199591636657714844e+00
7.361518859863281250e+00
2.636882364749908447e-01
-1.491197705268859863e+00
-8.273380279541015625e+00
9.520257949829101562e+00
4.240546226501464844e+00
-5.610861301422119141e+00
-4.569026947021484375e+00
2.992444515228271484e+00
-1.342619955539703369e-01
-8.156558036804199219e+00
3.942183971405029297e+00
6.939002513885498047e+00
5.062036514282226562e+00
2.746239423751831055e+00
-1.880361080169677734e+00
-5.829179286956787109e+00
-6.099910736083984375e-01
-3.771637916564941406e+00
7.554468154907226562e+00
6.155302047729492188e+00
1.082480549812316895e+00
3.314621210098266602e+00
8.025057792663574219e+00
4.075242519378662109e+00
-3.465755939483642578e+00
-4.550089359283447266e+00
4.325166702270507812e+00
-6.110876083374023438e+00
-9.964156150817871094e+00
-1.312790679931640625e+01
-4.238815307617187500e+00
-4.883168220520019531e+00
5.542123794555664062e+00
-4.677973270416259766e+00
-8.807937622070312500e+00
-8.154891014099121094e+00
-3.752597570419311523e+00
-2.426269054412841797e+00
4.126910209655761719e+00
4.512543678283691406e+00
-3.214534044265747070e+00
1.314597010612487793e+00
-1.463594794273376465e+00
-5.338859081268310547e+00
2.509246110916137695e+00
-4.258608818054199219e+00
6.215737462043762207e-01
8.898265838623046875e+00
-3.791135549545288086e+00
1.283732318878173828e+01
