1101001100101010 1001110110101100 1111110010000101 0010100100011001 
0010011101001111 0101100000100011 1010001111011100 0000011001110111 
1100100010000110 0000000111111111 1010100111101000 0111000100111100 
0101000011101010 0111100101001001 0101010000011011 1111101110101001 
1111000111111000 0111101110111101 1011010100111010 1111011110110001 
0000011111111010 0010001100001001 1010111111100110 1101100110010011 
1100111010101000 0101101110101111 0000001011111010 0101101000111011 
1011100000001101 1110000110100001 1100001111010001 0000011110010111 
1101001101011000 0100001101000011 0100111101110100 0001111111010010 
0000010001010101 1000010100011000 0101101101111001 0111011101001010 
0111101110111101 1011010100111010 1111011110110001 0101000110010110 
0010001100001001 1010111111100110 1101100110010011 0100010000011100 
0101101110101111 0000001011111010 0101101000111011 1000001110101110 
1110000110100001 1100001111010001 0000011110010111 0010110011111010 
0100001101000011 0100111101110100 0001111111010010 1000110101001101 
1111011010010010 0100010100101100 1001001000101010 1000110011100110 
1011010100111010 1111011110110001 0101000110010110 1011111111000011 
1010111111100110 1101100110010011 0100010000011100 1101010001100001 
0000001011111010 0101101000111011 1000001110101110 0101010110101111 
1100001111010001 0000011110010111 0010110011111010 1000001101010010 
0100111101110100 0001111111010010 1000110101001101 0000010010000111 
0010000000110110 1100010111000011 1100000101000110 1000000110010100 
1111011110110001 0101000110010110 1011111111000011 1110100001101111 
1101100110010011 0100010000011100 1101010001100001 1110000100110100 
0101101000111011 1000001110101110 0101010110101111 1000101001001010 
0000011110010111 0010110011111010 1000001101010010 1011000001101001 
0001111111010010 1000110101001101 0000010010000111 0001000110011011 
0101010110010011 0010011101000100 0001111110110010 0101010100000010 
0101000110010110 1011111111000011 1110100001101111 1111000001001001 
0100010000011100 1101010001100001 1110000100110100 1110010110101100 
1000001110101110 0101010110101111 1000101001001010 1001010011011001 
0010110011111010 1000001101010010 1011000001101001 1001110010110010 
1000110101001101 0000010010000111 0001000110011011 0101010111101101 
0100111110110001 0001111000001010 0001100001010100 0010010011100001 
