2.500000000000000000e+00
6.500000000000000000e+00
2.000000000000000000e+00
7.500000000000000000e-01
3.000000000000000000e+00
6.250000000000000000e-01
-4.000000000000000000e+00
-5.000000000000000000e-01
-8.625000000000000000e+00
2.250000000000000000e+00
6.250000000000000000e-01
-5.000000000000000000e-01
-5.625000000000000000e+00
-7.500000000000000000e-01
1.250000000000000000e+00
-2.500000000000000000e-01
3.750000000000000000e+00
-6.625000000000000000e+00
-2.750000000000000000e+00
-4.375000000000000000e+00
-1.375000000000000000e+00
-1.250000000000000000e-01
-3.250000000000000000e+00
-8.750000000000000000e-01
1.125000000000000000e+00
-3.000000000000000000e+00
4.125000000000000000e+00
2.375000000000000000e+00
9.500000000000000000e+00
-4.125000000000000000e+00
5.125000000000000000e+00
5.625000000000000000e+00
-2.750000000000000000e+00
-2.500000000000000000e+00
-2.625000000000000000e+00
-1.750000000000000000e+00
3.500000000000000000e+00
-3.750000000000000000e-01
-1.875000000000000000e+00
-8.750000000000000000e+00
3.000000000000000000e+00
-6.250000000000000000e-01
-1.250000000000000000e-01
-2.250000000000000000e+00
-1.375000000000000000e+00
3.375000000000000000e+00
-5.750000000000000000e+00
1.875000000000000000e+00
5.125000000000000000e+00
-3.750000000000000000e-01
0.000000000000000000e+00
6.875000000000000000e+00
-5.500000000000000000e+00
1.875000000000000000e+00
-5.000000000000000000e+00
-6.500000000000000000e+00
1.000000000000000000e+00
2.500000000000000000e+00
-7.750000000000000000e+00
-2.250000000000000000e+00
5.125000000000000000e+00
-3.500000000000000000e+00
-3.375000000000000000e+00
-2.125000000000000000e+00
-1.000000000000000000e+00
-6.250000000000000000e-01
-1.875000000000000000e+00
-3.500000000000000000e+00
-3.750000000000000000e+00
-1.000000000000000000e+00
-2.500000000000000000e+00
2.500000000000000000e-01
-4.625000000000000000e+00
-2.500000000000000000e-01
-1.625000000000000000e+00
-2.125000000000000000e+00
-3.500000000000000000e+00
3.750000000000000000e-01
1.250000000000000000e+00
-2.750000000000000000e+00
-1.750000000000000000e+00
-2.125000000000000000e+00
0.000000000000000000e+00
5.000000000000000000e-01
