-1.092417282052338123e-03
-3.460144856944680214e-03
-1.396412774920463562e-02
-2.711778134107589722e-02
-4.003456979990005493e-02
-2.624122798442840576e-02
5.874040350317955017e-02
1.749694347381591797e-01
2.774307429790496826e-01
3.459444046020507812e-01
3.500388562679290771e-01
3.221641480922698975e-01
2.984293699264526367e-01
2.928570210933685303e-01
3.079981207847595215e-01
3.311294317245483398e-01
3.463602066040039062e-01
3.428265452384948730e-01
3.228435516357421875e-01
2.998256981372833252e-01
2.981778085231781006e-01
3.186410963535308838e-01
3.471401035785675049e-01
3.499570488929748535e-01
3.147030472755432129e-01
2.304418981075286865e-01
1.150506138801574707e-01
4.256935417652130127e-02
