-2.214567363262176514e-01
-9.679317474365234375e-03
-2.256753146648406982e-01
-2.194311320781707764e-01
-3.008022308349609375e-01
-1.425155848264694214e-01
-1.767037063837051392e-01
-4.163964092731475830e-02
-3.702387586236000061e-02
6.185248866677284241e-02
-1.276395320892333984e-01
-1.758606433868408203e-01
-2.421987950801849365e-01
-2.918830513954162598e-01
-2.304900586605072021e-01
-1.190692931413650513e-01
-1.776831299066543579e-01
-2.069308310747146606e-01
-4.419749379158020020e-01
-3.333423137664794922e-01
-2.314911484718322754e-01
-1.133442968130111694e-01
-2.010176777839660645e-01
1.784018799662590027e-02
-1.987190097570419312e-01
-1.821321696043014526e-01
-2.134809792041778564e-01
2.065656930208206177e-01
