6.799592375755310059e-01
7.738757133483886719e-01
6.020860075950622559e-01
6.875061392784118652e-01
8.038683533668518066e-01
9.788600206375122070e-01
8.867283463478088379e-01
1.073239803314208984e+00
8.991355895996093750e-01
8.920488953590393066e-01
9.675560593605041504e-01
1.106232166290283203e+00
1.233108997344970703e+00
1.179035186767578125e+00
1.180903315544128418e+00
1.004806756973266602e+00
1.219148516654968262e+00
1.049475431442260742e+00
1.088684797286987305e+00
1.167078137397766113e+00
1.056381225585937500e+00
1.143524169921875000e+00
1.001582503318786621e+00
8.974267840385437012e-01
9.685968160629272461e-01
7.890040874481201172e-01
5.532253384590148926e-01
9.456961154937744141e-01
