4.217171669006347656e-02
1.791507899761199951e-01
6.192837953567504883e-01
1.543808102607727051e+00
2.593844652175903320e+00
3.331001758575439453e+00
3.915667772293090820e+00
4.282875061035156250e+00
4.399931430816650391e+00
4.456846714019775391e+00
4.430799007415771484e+00
4.352985858917236328e+00
4.289961338043212891e+00
4.263308048248291016e+00
4.263609886169433594e+00
4.239444732666015625e+00
4.212685585021972656e+00
4.158719062805175781e+00
4.162740707397460938e+00
4.220408916473388672e+00
4.260396003723144531e+00
4.210399627685546875e+00
4.018928050994873047e+00
3.702552556991577148e+00
2.857197046279907227e+00
1.610238790512084961e+00
6.784946918487548828e-01
2.213003933429718018e-01
