1.145732879638671875e+00
9.404478669166564941e-01
8.648870587348937988e-01
8.562563657760620117e-01
7.644872069358825684e-01
8.576982617378234863e-01
9.000514149665832520e-01
8.924927115440368652e-01
9.703925848007202148e-01
7.409839630126953125e-01
1.139785170555114746e+00
1.074348568916320801e+00
1.100453376770019531e+00
9.647947549819946289e-01
7.912597060203552246e-01
9.563412070274353027e-01
7.475047707557678223e-01
1.147192358970642090e+00
1.084145665168762207e+00
9.463374614715576172e-01
6.996641159057617188e-01
8.694776296615600586e-01
1.093719124794006348e+00
6.822573542594909668e-01
1.221087217330932617e+00
1.546408891677856445e+00
6.414528489112854004e-01
9.896041750907897949e-01
9.664535522460937500e-01
9.718856215476989746e-01
1.055096268653869629e+00
8.214204311370849609e-01
7.919017076492309570e-01
1.007877230644226074e+00
9.940503835678100586e-01
8.942869901657104492e-01
9.460188150405883789e-01
1.105218529701232910e+00
1.226868271827697754e+00
7.803784012794494629e-01
1.133471727371215820e+00
9.766190052032470703e-01
7.589361667633056641e-01
1.107518553733825684e+00
5.408599376678466797e-01
1.395808219909667969e+00
1.074204802513122559e+00
1.613831639289855957e+00
1.051439881324768066e+00
9.501239061355590820e-01
1.312531828880310059e+00
1.381795883178710938e+00
9.700204730033874512e-01
9.579761028289794922e-01
1.045819520950317383e+00
9.218913316726684570e-01
9.861076474189758301e-01
1.205344915390014648e+00
9.322026371955871582e-01
1.113521337509155273e+00
7.080914974212646484e-01
1.113255500793457031e+00
8.207880854606628418e-01
8.601577281951904297e-01
1.109698653221130371e+00
6.435385942459106445e-01
8.803216218948364258e-01
6.343395709991455078e-01
5.771996378898620605e-01
1.019963741302490234e+00
9.544833302497863770e-01
1.011046528816223145e+00
1.239970922470092773e+00
7.757229804992675781e-01
6.502542495727539062e-01
1.015916228294372559e+00
1.039472460746765137e+00
1.373358368873596191e+00
1.017222166061401367e+00
1.078096389770507812e+00
9.161882996559143066e-01
1.089880466461181641e+00
1.230566143989562988e+00
9.541274905204772949e-01
