8.278949737548828125e+00
9.793363571166992188e+00
1.301608276367187500e+01
7.342352867126464844e+00
1.124759101867675781e+01
8.099794387817382812e+00
7.875443458557128906e+00
5.940881729125976562e+00
7.779413700103759766e+00
6.208013057708740234e+00
6.812301635742187500e+00
1.093226242065429688e+01
5.967656612396240234e+00
6.790694713592529297e+00
6.461360454559326172e+00
7.509140968322753906e+00
7.290135383605957031e+00
1.365744209289550781e+01
1.436703395843505859e+01
9.196915626525878906e+00
8.580665588378906250e+00
6.176310539245605469e+00
1.154458618164062500e+01
8.060951232910156250e+00
9.495056152343750000e+00
1.219452190399169922e+01
6.422192573547363281e+00
1.081186103820800781e+01
1.141578483581542969e+01
8.511054039001464844e+00
8.468727111816406250e+00
1.163118076324462891e+01
6.414549827575683594e+00
5.888408660888671875e+00
1.043342781066894531e+01
4.906106472015380859e+00
7.520597934722900391e+00
9.838268280029296875e+00
7.317196846008300781e+00
1.453405857086181641e+01
9.944355964660644531e+00
7.798624515533447266e+00
6.555831909179687500e+00
7.830320835113525391e+00
4.953621864318847656e+00
9.892526626586914062e+00
9.140808105468750000e+00
1.776472282409667969e+01
1.056925964355468750e+01
7.871635913848876953e+00
1.097789573669433594e+01
1.130491924285888672e+01
1.597745704650878906e+01
5.591621875762939453e+00
1.273618030548095703e+01
6.838954448699951172e+00
1.360451889038085938e+01
7.068152427673339844e+00
6.471649169921875000e+00
1.514975643157958984e+01
8.092749595642089844e+00
1.447776126861572266e+01
7.989918708801269531e+00
7.272817134857177734e+00
8.256622314453125000e+00
6.953958034515380859e+00
1.090780544281005859e+01
6.210548400878906250e+00
6.191564559936523438e+00
1.036164665222167969e+01
7.343071937561035156e+00
8.012042999267578125e+00
1.053360748291015625e+01
7.634725093841552734e+00
8.727532386779785156e+00
6.592367172241210938e+00
1.142601966857910156e+01
1.170731163024902344e+01
8.616798400878906250e+00
9.973734855651855469e+00
5.030613899230957031e+00
1.133147430419921875e+01
7.369552612304687500e+00
6.997184276580810547e+00
