-4.386603355407714844e+00
2.978103637695312500e+00
-5.583339929580688477e-01
-2.863430023193359375e+00
9.511038064956665039e-01
1.578124523162841797e+00
4.681504726409912109e+00
-6.510464668273925781e+00
-1.931725889444351196e-01
2.996318817138671875e+00
-2.029731273651123047e+00
-4.800757884979248047e+00
-9.706020355224609375e+00
6.106457114219665527e-01
1.715553283691406250e+00
-1.103078460693359375e+01
4.999207019805908203e+00
-5.774336814880371094e+00
1.945404052734375000e+00
-3.456021785736083984e+00
-3.418520927429199219e+00
5.840044021606445312e+00
5.235112905502319336e-01
-3.100745439529418945e+00
2.115903377532958984e+00
-6.211365222930908203e+00
-6.355290412902832031e+00
1.620157361030578613e-01
9.041935920715332031e+00
-2.543561458587646484e+00
1.080784440040588379e+00
-2.499726295471191406e+00
2.300883531570434570e+00
-1.006573915481567383e+00
-3.413127899169921875e+00
2.026374340057373047e+00
8.578809738159179688e+00
2.749529361724853516e+00
1.276957392692565918e+00
1.943759202957153320e+00
-7.841784000396728516e+00
-4.372452199459075928e-01
-6.172168731689453125e+00
2.045793533325195312e-01
3.474193334579467773e+00
-2.109864950180053711e+00
6.393520355224609375e+00
1.601904630661010742e+00
-4.122800350189208984e+00
-1.858264565467834473e+00
5.181983947753906250e+00
1.838877677917480469e+00
4.257420539855957031e+00
-2.934585094451904297e+00
1.093104124069213867e+00
-3.225882291793823242e+00
-2.748542070388793945e+00
1.781890153884887695e+00
-6.395524740219116211e-01
-2.426102399826049805e+00
1.308242797851562500e+00
2.145900964736938477e+00
-4.463813304901123047e+00
2.378170013427734375e+00
1.422425031661987305e+00
4.207283258438110352e-01
-5.461010932922363281e-01
-1.068526431918144226e-01
-7.594287395477294922e+00
9.666045308113098145e-01
-1.507129430770874023e+00
1.146108627319335938e+00
3.404062986373901367e+00
-6.341784596443176270e-01
-1.592837691307067871e+00
-6.622131347656250000e+00
-6.787962913513183594e+00
-4.368385076522827148e-01
1.661989927291870117e+00
-1.433521628379821777e+00
-3.004065513610839844e+00
-7.497006058692932129e-01
-2.980547249317169189e-01
-6.108416914939880371e-01
