-6.204629316926002502e-02
6.060627847909927368e-02
1.738009303808212280e-01
1.612615585327148438e-01
-7.036118209362030029e-02
-1.377827972173690796e-01
1.843519806861877441e-01
-6.275348365306854248e-02
-1.491970568895339966e-01
5.736482143402099609e-02
3.487819060683250427e-02
1.704485714435577393e-01
-2.599841952323913574e-01
-2.061607390642166138e-01
3.333262503147125244e-01
-1.718829870223999023e-01
-2.375144809484481812e-01
2.557782530784606934e-01
-2.377566881477832794e-02
6.536787003278732300e-02
-2.230185717344284058e-01
1.410381495952606201e-01
-1.135566756129264832e-01
-1.839802414178848267e-01
-1.013386771082878113e-01
1.866806596517562866e-01
-2.056160420179367065e-01
-7.036224752664566040e-02
-2.058884799480438232e-01
1.801940649747848511e-01
-6.065294519066810608e-02
-1.303032934665679932e-01
-1.743477582931518555e-01
2.559919375926256180e-03
1.068093329668045044e-01
-9.198967367410659790e-02
5.050262436270713806e-02
-5.234520509839057922e-02
9.867287427186965942e-02
1.369610726833343506e-01
2.318850308656692505e-01
-1.974747329950332642e-01
-1.473080068826675415e-01
1.135374605655670166e-01
1.322054117918014526e-01
-3.264892399311065674e-01
-2.646866440773010254e-01
-2.340382337570190430e-01
8.362043648958206177e-02
-5.351023748517036438e-02
-9.318274259567260742e-02
2.124404460191726685e-01
-4.735171422362327576e-02
-6.656940281391143799e-02
8.620983362197875977e-02
3.075162693858146667e-02
1.375566124916076660e-01
-2.644263505935668945e-01
6.384670734405517578e-02
-3.047908656299114227e-02
-1.465212851762771606e-01
1.334699094295501709e-01
4.635405912995338440e-02
4.993539769202470779e-03
9.126950055360794067e-02
-4.208853468298912048e-02
-1.614887863397598267e-01
-7.754447311162948608e-02
-2.274271100759506226e-01
-6.217969581484794617e-02
5.232438445091247559e-02
1.011437922716140747e-01
3.854394704103469849e-02
-1.214756593108177185e-01
-1.610850095748901367e-01
3.099189884960651398e-02
-5.853419005870819092e-02
3.325229287147521973e-01
1.634583771228790283e-01
1.467547118663787842e-01
-1.262767314910888672e-01
-3.298354744911193848e-01
-3.733251616358757019e-02
-2.463898807764053345e-01
